
###### prolaris ######

#FOXM1, CDC20, CDKN3, CDC2, KIF11, 
#KIAA0101, NUSAP1, CENPF, ASPM, BUB1B, 
#RRM2, DLGAP5, BIRC5, KIF20A, PLK1,
#TOP2A, TK1, PBK, ASF1B, C18orf24, 
#RAD54L, PTTG1, CDCA3, MCM10, PRC1, 
#DTL, CEP55, RAD51, CENPM, CDCA8, 
#ORC6L

#CDC2 --> CDK1
#KIAA0101 --> PCLAF
#C18orf24 --> SKA1
#ORC6L --> ORC6L


prolaris <- c('ENSG00000111206','ENSG00000117399','ENSG00000100526','ENSG00000170312','ENSG00000138160',
'ENSG00000166803','ENSG00000137804','ENSG00000117724','ENSG00000066279','ENSG00000156970',
'ENSG00000171848','ENSG00000126787','ENSG00000089685','ENSG00000112984','ENSG00000166851',
'ENSG00000131747','ENSG00000167900','ENSG00000168078','ENSG00000105011','ENSG00000154839',
'ENSG00000085999','ENSG00000164611','ENSG00000111665','ENSG00000065328','ENSG00000198901',
'ENSG00000143476','ENSG00000138180','ENSG00000051180','ENSG00000100162','ENSG00000134690',
'ENSG00000091651')


#prolaris <- c('ENSG00000111206','ENSG00000117399','ENSG00000100526','ENSG00000170312','ENSG00000138160',
#              'ENSG00000166803','ENSG00000137804','ENSG00000117724','ENSG00000066279','ENSG00000156970',
#              'ENSG00000171848','ENSG00000126787','ENSG00000089685','ENSG00000112984','ENSG00000166851',
#              'ENSG00000131747','ENSG00000167900','ENSG00000168078','ENSG00000105011','ENSG00000164611',
#              'ENSG00000111665','ENSG00000198901',
#              'ENSG00000143476','ENSG00000138180','ENSG00000051180','ENSG00000100162','ENSG00000134690',
#              'ENSG00000091651')


###### oncotype ######

#AZGP1, FAM13C, KLK2, SRD5A2
#FLNC, GSN, GSTM2, TPM2
#BGN, COL1A1, SFRP4
#TPX2
#ARF1, ATP5E, CLTC, GPS1, PGK1

oncotype <- c('ENSG00000160862','ENSG00000148541','ENSG00000167751','ENSG00000277893','ENSG00000128591',
              'ENSG00000148180','ENSG00000213366','ENSG00000198467','ENSG00000182492','ENSG00000108821',
              'ENSG00000106483','ENSG00000088325')


###### decipher ######

#LASP1, IQGAP3, NFIB, S1PR4, THBS2
#ANO7*, PCDH7, MYBPC1*, EPPK1, TSBP
#PBX1, NUSAP1, ZWILCH, UBE2C*, CAMK2N1
#RABGAP1, PCAT-32!, GLYATL1P4/PCAT-80, TNFRSF19

#TSBP --> C6orf10

decipher <- c('ENSG00000002834','ENSG00000183856','ENSG00000147862','ENSG00000125910','ENSG00000186340',
              'ENSG00000146205','ENSG00000169851','ENSG00000196091','ENSG00000261150','ENSG00000204296',
              'ENSG00000185630','ENSG00000137804','ENSG00000174442','ENSG00000175063','ENSG00000162545',
              'ENSG00000011454','ENSG00000254399','ENSG00000127863')
